{
 "cells": [
  {
   "cell_type": "markdown",
   "metadata": {},
   "source": [
    "# Loading MNIST DATA"
   ]
  },
  {
   "cell_type": "code",
   "execution_count": 44,
   "metadata": {},
   "outputs": [],
   "source": [
    "import torch\n",
    "from torch import nn\n",
    "import torch.nn.functional as F\n",
    "from torchvision import datasets, transforms\n",
    "import numpy as np\n",
    "import matplotlib.pyplot as plt\n",
    "%matplotlib inline"
   ]
  },
  {
   "cell_type": "code",
   "execution_count": 45,
   "metadata": {},
   "outputs": [],
   "source": [
    "# Define a transform to normalize the data\n",
    "transform = transforms.Compose([transforms.ToTensor()])  # 텐서화로 바꿈\n",
    "\n",
    "# Download and load the training data\n",
    "# 이미지 폴더를 대체(파이토치의 기본적인 데이터셋을 가져옴)\n",
    "trainset = datasets.MNIST('~/.pytorch/MNIST_data/', download=True, train=True, transform=transform)  \n",
    "trainloader = torch.utils.data.DataLoader(trainset, batch_size=1000, shuffle=True)"
   ]
  },
  {
   "cell_type": "code",
   "execution_count": 46,
   "metadata": {},
   "outputs": [
    {
     "data": {
      "text/plain": [
       "Dataset MNIST\n",
       "    Number of datapoints: 60000\n",
       "    Root location: C:\\Users\\이예주/.pytorch/MNIST_data/\n",
       "    Split: Train\n",
       "    StandardTransform\n",
       "Transform: Compose(\n",
       "               ToTensor()\n",
       "           )"
      ]
     },
     "execution_count": 46,
     "metadata": {},
     "output_type": "execute_result"
    }
   ],
   "source": [
    "trainset  # 6만개의 데이터 중 1000개씩 배치 사이즈"
   ]
  },
  {
   "cell_type": "code",
   "execution_count": 47,
   "metadata": {},
   "outputs": [],
   "source": [
    "# 'trainloader'의 1000개씩 배치가 출력 / 이미지, 레이블이 나옴\n",
    "images, labels = next(iter(trainloader))"
   ]
  },
  {
   "cell_type": "code",
   "execution_count": 48,
   "metadata": {
    "scrolled": true
   },
   "outputs": [
    {
     "data": {
      "text/plain": [
       "torch.Size([1000, 1, 28, 28])"
      ]
     },
     "execution_count": 48,
     "metadata": {},
     "output_type": "execute_result"
    }
   ],
   "source": [
    "# 1000개의 배치의 1x28x28  / 1x28x28 의 그림이 1000개 있다.(배치가 1000이기 때문에)\n",
    "# 1인 이유는 흑백이여서.(흑백은 채널이 하나)\n",
    "\n",
    "images.shape   "
   ]
  },
  {
   "cell_type": "code",
   "execution_count": 49,
   "metadata": {},
   "outputs": [
    {
     "data": {
      "text/plain": [
       "tensor(0.1302)"
      ]
     },
     "execution_count": 49,
     "metadata": {},
     "output_type": "execute_result"
    }
   ],
   "source": [
    "torch.mean(images)  # 평균"
   ]
  },
  {
   "cell_type": "code",
   "execution_count": 50,
   "metadata": {},
   "outputs": [
    {
     "data": {
      "text/plain": [
       "tensor(0.3076)"
      ]
     },
     "execution_count": 50,
     "metadata": {},
     "output_type": "execute_result"
    }
   ],
   "source": [
    "torch.std(images)  # 표준편차"
   ]
  },
  {
   "cell_type": "code",
   "execution_count": 51,
   "metadata": {},
   "outputs": [],
   "source": [
    "# Define a transform to normalize the data\n",
    "# transform을 추가로 정의 (Normalize)\n",
    "\n",
    "transform = transforms.Compose([transforms.ToTensor(),\n",
    "                                transforms.Normalize((0.13), (0.3)),  # transforms.Normalize(평균, 표준편차)\n",
    "                              ])\n",
    "# Download and load the training data\n",
    "trainset = datasets.MNIST('~/.pytorch/MNIST_data/', download=True, train=True, transform=transform)\n",
    "trainloader = torch.utils.data.DataLoader(trainset, batch_size=64, shuffle=True)"
   ]
  },
  {
   "cell_type": "code",
   "execution_count": 52,
   "metadata": {},
   "outputs": [],
   "source": [
    "images, labels = next(iter(trainloader))"
   ]
  },
  {
   "cell_type": "code",
   "execution_count": 53,
   "metadata": {},
   "outputs": [
    {
     "data": {
      "text/plain": [
       "torch.Size([64, 1, 28, 28])"
      ]
     },
     "execution_count": 53,
     "metadata": {},
     "output_type": "execute_result"
    }
   ],
   "source": [
    "images.shape"
   ]
  },
  {
   "cell_type": "code",
   "execution_count": 54,
   "metadata": {},
   "outputs": [],
   "source": [
    "# images.shape[0] -> 64는 그대로 둔다\n",
    "# 1, 28, 28 차원을 일렬로 펴서 벡터화로 만든다. 1x28x28  -> (64, 784)\n",
    "\n",
    "Xsample = images.reshape(images.shape[0], -1)"
   ]
  },
  {
   "cell_type": "markdown",
   "metadata": {},
   "source": [
    "#### 각 픽셀을 feature로 취급한다."
   ]
  },
  {
   "cell_type": "code",
   "execution_count": 55,
   "metadata": {},
   "outputs": [
    {
     "data": {
      "text/plain": [
       "torch.Size([64, 784])"
      ]
     },
     "execution_count": 55,
     "metadata": {},
     "output_type": "execute_result"
    }
   ],
   "source": [
    "# 784짜리 벡터가 우리 network의 입력이 된다.\n",
    "# 784개의 feature(각 픽셀)이 64개가 있는 것이다. -> 784짜리가 입력이 된다.\n",
    "Xsample.shape  "
   ]
  },
  {
   "cell_type": "markdown",
   "metadata": {},
   "source": [
    "### Problem 1: Constructing the network model\n",
    "\n",
    "`FNC` class를 정의하고 `model`을 생성하세요:\n",
    "\n",
    "- input layer\n",
    "  - number of input features를 hidden unit 128개로 선형변환 및 ReLU activation function\n",
    "- Hidden layer\n",
    "  - 128 hidden unit을 64개 hidden unit으로 선형변환 및 ReLU\n",
    "- Output layer\n",
    "  - 64개 hidden unit을 10개 class로 분류하기 위한 output layer\n",
    "  - 최종 layer의 activation은 없음 (linear layer)"
   ]
  },
  {
   "cell_type": "code",
   "execution_count": 56,
   "metadata": {},
   "outputs": [],
   "source": [
    "class FCN(nn.Module):\n",
    "    # 답작성\n",
    "    def __init__(self):\n",
    "        super().__init__()\n",
    "        self.seq = nn.Sequential(nn.Linear(784, 128),\n",
    "                      nn.ReLU(True),\n",
    "                      nn.Linear(128, 64),\n",
    "                      nn.ReLU(True),\n",
    "                      nn.Linear(64, 10)   # 마지막 layer는 Linear layer로 \n",
    "                                          # 우리가 분류해야 하는 숫자가 0~9까지 10개\n",
    "        )\n",
    "        \n",
    "    def forward(self, x):\n",
    "        return self.seq(x)\n",
    "    "
   ]
  },
  {
   "cell_type": "code",
   "execution_count": 57,
   "metadata": {},
   "outputs": [],
   "source": [
    "model = FCN()"
   ]
  },
  {
   "cell_type": "markdown",
   "metadata": {},
   "source": [
    "## Loss Functions in PyTorch\n",
    "\n",
    "* 다음 과정으로, Pytorch에서 loss를 어떻게 연산하는지 배워보죠\n",
    "* `nn` module에서 다양한 loss function을 제공하는데, 예를 들면 `nn.CrossEntropyLoss`와 같은 함수가 있습니다\n",
    "    * 보통 관습적으로 loss function은 `critertion`이라는 변수로 받습니다 (`loss_function`등도 당연히 사용 가능합니다)\n",
    "* 지난 시간에 MNIST 문제는 확률 분포를 output으로 받는 것이 필요하다고 (또는 자연스러운 선택 임을) 학습했습니다 \n",
    "* 이런 확률 분포를 output으로 받는 경우 대응되는 좋은 loss function이 cross entropy입니다 (이론 강의에서 cross entropy가 무엇을 의미하는지 설명한 부분을 복습 해보세요)\n",
    "\n",
    "* Cross entropy의 정의는 \n",
    "\\begin{align*}\n",
    " J(\\theta) &=-\\frac{1}{m}\\sum_{i=1}^m P(y^{(i)}|x^{(i)})\\log(Q(y^{(i)}|x^{(i)}))\n",
    "\\end{align*}\n",
    "* 위 식은 두 확률 분포의 \"거리\"를 표현하는 식이라고 배웠습니다\n",
    "* 위에서 $P(y|x)$는 $y$의 label을 one hot coding 한 vector이고 $Q(y|x)$는 softmax를 취한 network output입니다\n",
    "* One hot coding은 label이 1이면 첫번째 자리만 '1'이고 나머지는 영인 벡터, label이 $k$이면 $k$ 번째 자리만 '1'이고 나머지는 0인 벡터입니다\n",
    "\n",
    "* 예를들어서 label이 2에 대한 one hot encoding\n",
    "\\begin{align*}\n",
    "y_\\textrm{one_hot}(2) &= \\begin{array}{cccccc}\n",
    "[0 & 0 & 1 & \\cdots & 0]\n",
    "\\end{array}\n",
    "\\end{align*}\n",
    "\n",
    "* 위 cross entropy 식에 대응 하는 방식은, label이 2라고 가정했을 때 분포는:\n",
    "\\begin{align*}\n",
    "P(y|x) = y_\\textrm{one_hot}(2), \\quad P(2|x) = (y_\\textrm{one_hot}(2))_2\n",
    "\\end{align*}\n",
    "\n",
    "* 또한, neural network의 마지막 linear layer의 output 값이 $z$라고 할때,\n",
    "\\begin{align*}\n",
    "Q(y=2|x) = \\sigma(z_2) = \\cfrac{\\exp(z_2)}{\\sum_k^K{\\exp(z_k)}}\n",
    "\\end{align*}\n",
    "\n",
    "![Classnote](https://drive.google.com/uc?export=download&id=17hcl4RJne65Vd17gKM8XKUTjYlqyFIY5)\n",
    "\n",
    "* pytorch에서 이를 수행하기 위해서 criterion을 `nn.CrossEntropyLoss`로 생성하고, network의 예측 값과, 실제 label 값을 입력으로 loss를 계산합니다\n",
    "  * 본 과정은 차근차근 설명하겠습니다\n",
    "* 그 전에 Pytorch에서 cross entropy 함수를 어떻게 적용하는지 먼저 이해할 필요가 있습니다 (중요합니다!!!)\n",
    "  * [Pytorch.org `nn.CrossEntropyLoss`](https://pytorch.org/docs/stable/nn.html#torch.nn.CrossEntropyLoss)를 살펴보면\n",
    "\n",
    "> This criterion combines nn.LogSoftmax() and nn.NLLLoss() in one single class.\n",
    ">\n",
    "> The input is expected to contain scores for each class.\n",
    "\n",
    "* `nn.CrossEntropyLoss`는 `nn.LogSoftmax()`와 `nn.NLLLoss()` 하나의 class에서 수행한다고 되어 있습니다. \n",
    "* 두번째 줄에서 NLLLoss 는 negative log likelihood loss 입니다 \n",
    "\n",
    "* 이게 의미하는 바가 무엇이냐면, network의 output을 softmax function을 적용하여 출력하지 말고, softmax는 loss function에서 계산한다는 뜻입니다\n",
    "* 이렇게 구현한 이유는, 확률값이 작을 수 있어서 computation precision error를 방지하기 위해서 그냥 raw output 값을 받고, loss function에서 log(prob) 형태로 연산하도록 모듈을 구성하였습니다\n",
    "\n",
    "* 아래 코드를 보면 조금 더 이해가 될 것이라고 생각합니다\n"
   ]
  },
  {
   "cell_type": "code",
   "execution_count": 58,
   "metadata": {},
   "outputs": [
    {
     "name": "stdout",
     "output_type": "stream",
     "text": [
      "tensor(2.3222, grad_fn=<NllLossBackward0>)\n"
     ]
    }
   ],
   "source": [
    "criterion = nn.CrossEntropyLoss()\n",
    "# Get our data\n",
    "images, labels = next(iter(trainloader))\n",
    "# Flatten images\n",
    "images = images.reshape(images.shape[0], -1)\n",
    "\n",
    "# Forward pass, get our log-probabilities(모델 예측값 계산)\n",
    "# logits : 최종 Linear Layer로 나온 output / activation 하기 전 (배치사이즈가 64개 였기 때문에, logit도 총 64개)\n",
    "logits = model(images)\n",
    "\n",
    "# Calculate the loss with the logps and the labels(손실값 계산)\n",
    "# criterion에 (softmax를 취하지 않은)logits와 labels를 넣어주면 (CrossEntropy)loss를 계산해준다.\n",
    "# 이유 : 확률값으로 변형을 하면 그 값이 굉장히 작은 값일 때가 있다. -> 프로그램 상의 수치적 문제\n",
    "\n",
    "loss = criterion(logits, labels)    # 한 배치에 대한 loss\n",
    "\n",
    "print(loss)"
   ]
  },
  {
   "cell_type": "markdown",
   "metadata": {},
   "source": [
    "* 다시 한번 상기하기   \n",
    "image 받은거(64개의 배치를)를 784개의 일렬로 핀 벡터들의 샘플들을   \n",
    "model(클래스변수)에 집어 넣어서, 최종 선형 layer를 통과한 출력들이 쭉 나온 것이다. -> logits   \n",
    "이것을 가지고 softmax를 취한 확률 값으로 바꿔보자."
   ]
  },
  {
   "cell_type": "markdown",
   "metadata": {},
   "source": [
    "### logits는 softmax함수를 취하기 전의 Linear layer의 출력값(동그라미수)이다."
   ]
  },
  {
   "cell_type": "code",
   "execution_count": 59,
   "metadata": {
    "scrolled": false
   },
   "outputs": [
    {
     "data": {
      "text/plain": [
       "torch.Size([64, 10])"
      ]
     },
     "execution_count": 59,
     "metadata": {},
     "output_type": "execute_result"
    }
   ],
   "source": [
    "logits.shape  # 입력 feature 64개, 최종 layer의 뉴런 10개"
   ]
  },
  {
   "cell_type": "code",
   "execution_count": 60,
   "metadata": {},
   "outputs": [
    {
     "data": {
      "text/plain": [
       "torch.Size([64])"
      ]
     },
     "execution_count": 60,
     "metadata": {},
     "output_type": "execute_result"
    }
   ],
   "source": [
    "labels.shape  # 64개의 정답"
   ]
  },
  {
   "cell_type": "code",
   "execution_count": 61,
   "metadata": {},
   "outputs": [
    {
     "data": {
      "text/plain": [
       "tensor([7, 8, 5, 1, 7, 4, 8, 7, 6, 7, 2, 1, 2, 3, 6, 2, 0, 8, 6, 7, 6, 0, 4, 3,\n",
       "        8, 7, 4, 3, 7, 4, 2, 0, 2, 6, 3, 3, 7, 6, 6, 2, 5, 3, 1, 5, 9, 5, 7, 3,\n",
       "        7, 6, 7, 0, 9, 8, 8, 5, 4, 8, 9, 7, 2, 9, 9, 0])"
      ]
     },
     "execution_count": 61,
     "metadata": {},
     "output_type": "execute_result"
    }
   ],
   "source": [
    "labels  # 첫번째 row의 정답은 7, 두번째는 8, ..."
   ]
  },
  {
   "cell_type": "markdown",
   "metadata": {},
   "source": [
    "### softmax를 취해야 확률이 된다. -> logit으로부터 softmax를 취해야 하고, log까지 해주면 모델 output의 확률이 된다"
   ]
  },
  {
   "cell_type": "markdown",
   "metadata": {},
   "source": [
    "### Problem 2: Implement softmax\n",
    "\n",
    "다음 `softmax` 함수를 만드세요\n",
    "\n",
    "- `softmax(x)`\n",
    "- `input`: (batchsize, num_class)의 최종 linear layer output\n",
    "- `output`: `softmax` 취한 output이 (batchsize, softmaxoutput) 차원으로 정렬\n",
    "\n",
    "- 유용할 수 있는 함수:\n",
    "    - `torch.sum`\n",
    "    - `torch.exp`\n",
    "    - broadcasting 사용 (reshape)"
   ]
  },
  {
   "cell_type": "code",
   "execution_count": 62,
   "metadata": {},
   "outputs": [
    {
     "data": {
      "text/plain": [
       "torch.Size([64, 10])"
      ]
     },
     "execution_count": 62,
     "metadata": {},
     "output_type": "execute_result"
    }
   ],
   "source": [
    "logits.shape"
   ]
  },
  {
   "cell_type": "code",
   "execution_count": 63,
   "metadata": {},
   "outputs": [
    {
     "data": {
      "text/plain": [
       "tensor([[0.9190, 1.0612, 1.1013, 1.0445, 1.1478, 1.0248, 1.2038, 1.0130, 0.9161,\n",
       "         1.0247],\n",
       "        [0.8939, 1.1716, 1.2619, 1.0551, 1.0577, 1.0014, 1.2770, 1.0570, 0.7559,\n",
       "         1.0498],\n",
       "        [0.9347, 1.2127, 1.2779, 1.1197, 1.1438, 0.9626, 1.3058, 0.9809, 0.9099,\n",
       "         1.0121],\n",
       "        [1.0082, 1.1063, 1.1315, 0.9949, 1.1663, 1.0294, 1.1761, 1.0321, 0.9270,\n",
       "         1.0268],\n",
       "        [1.0467, 1.0665, 1.0680, 1.0183, 1.1728, 1.0906, 1.2256, 0.9787, 0.9220,\n",
       "         1.0428],\n",
       "        [0.8497, 1.1753, 1.2371, 1.1082, 1.0661, 1.0060, 1.1578, 1.0731, 0.8450,\n",
       "         1.0126],\n",
       "        [0.8677, 1.2165, 1.2251, 1.0571, 1.1508, 0.9523, 1.3458, 1.0653, 0.8091,\n",
       "         1.0096],\n",
       "        [0.9629, 1.1114, 1.0580, 1.0555, 1.1694, 1.0086, 1.1745, 0.9525, 0.8907,\n",
       "         0.9944],\n",
       "        [0.8319, 1.1549, 1.1657, 0.9814, 1.0200, 1.1339, 1.1819, 1.2370, 0.8861,\n",
       "         0.9749],\n",
       "        [0.9489, 1.0480, 1.1380, 1.0941, 1.1933, 0.9765, 1.1381, 1.0334, 0.8114,\n",
       "         1.0260],\n",
       "        [0.9350, 1.0846, 1.1832, 1.0300, 1.0747, 0.9610, 1.2452, 1.0203, 0.8575,\n",
       "         0.9835],\n",
       "        [0.9633, 1.0894, 1.1602, 1.0425, 1.0997, 1.0638, 1.1994, 0.9841, 0.8630,\n",
       "         1.0397],\n",
       "        [0.9285, 1.0467, 1.1570, 1.1028, 1.0986, 0.9774, 1.2631, 1.0782, 0.8462,\n",
       "         1.0305],\n",
       "        [0.8974, 1.1670, 1.2560, 0.9652, 1.3194, 1.0413, 1.2575, 1.1761, 0.8234,\n",
       "         1.1228],\n",
       "        [0.8891, 1.1716, 1.1845, 1.0326, 1.1189, 1.0417, 1.2370, 1.1282, 0.8606,\n",
       "         1.0345],\n",
       "        [0.8509, 1.1266, 1.1862, 1.1622, 1.0154, 1.0376, 1.2675, 1.0430, 0.7217,\n",
       "         0.9895],\n",
       "        [1.0100, 1.0900, 1.1314, 1.0748, 1.2576, 0.9846, 1.2431, 1.0495, 0.9409,\n",
       "         1.0266],\n",
       "        [0.8721, 1.2120, 1.0475, 1.0362, 1.1228, 1.0752, 1.2060, 1.1383, 0.8574,\n",
       "         1.1582],\n",
       "        [0.8998, 1.1704, 1.1809, 1.0182, 1.0686, 1.0671, 1.2556, 1.1078, 0.8765,\n",
       "         1.0026],\n",
       "        [1.0040, 1.0724, 1.0783, 1.1143, 1.1398, 0.9984, 1.1862, 0.9583, 0.8592,\n",
       "         1.0349],\n",
       "        [0.9091, 1.0434, 1.2457, 1.0151, 1.1757, 1.0903, 1.1550, 1.1360, 0.8810,\n",
       "         1.0159],\n",
       "        [0.9418, 1.1082, 1.1947, 1.1458, 1.1930, 0.9816, 1.2323, 1.0045, 0.8993,\n",
       "         0.9947],\n",
       "        [0.9294, 1.0942, 1.1730, 1.0448, 1.1566, 1.0635, 1.1185, 1.0605, 0.8629,\n",
       "         0.9955],\n",
       "        [0.8951, 1.1225, 1.2725, 1.1413, 1.2905, 1.0813, 1.3628, 1.1274, 0.7938,\n",
       "         1.0197],\n",
       "        [0.9163, 1.2081, 1.0838, 1.1360, 1.0815, 1.0280, 1.2436, 0.9418, 0.8363,\n",
       "         1.0099],\n",
       "        [0.9698, 1.0771, 1.0371, 1.1020, 1.2040, 1.0352, 1.1887, 0.9617, 0.8757,\n",
       "         1.0011],\n",
       "        [0.9579, 1.0308, 1.1192, 1.2205, 1.3022, 1.0096, 1.3161, 1.0442, 0.8024,\n",
       "         0.9970],\n",
       "        [0.8686, 1.0972, 1.2617, 1.0652, 1.1161, 0.9714, 1.2434, 1.0300, 0.8388,\n",
       "         0.9570],\n",
       "        [0.9986, 0.9650, 1.0138, 1.1626, 1.3050, 1.0931, 1.2047, 1.0544, 0.9209,\n",
       "         1.1005],\n",
       "        [1.0009, 1.0629, 1.0909, 1.0453, 1.1922, 1.0315, 1.2003, 1.0207, 0.9219,\n",
       "         1.0550],\n",
       "        [1.0196, 1.0502, 1.2331, 1.0519, 1.1737, 0.9771, 1.2520, 1.0131, 0.8741,\n",
       "         1.0244],\n",
       "        [0.9058, 1.1314, 1.1324, 1.0471, 1.2051, 1.0972, 1.2744, 1.0561, 0.8653,\n",
       "         0.9827],\n",
       "        [0.9231, 1.2070, 1.2999, 1.0522, 1.1940, 1.0531, 1.2653, 1.0229, 0.8145,\n",
       "         1.0536],\n",
       "        [0.9759, 1.2009, 1.2062, 0.9575, 1.1526, 1.0288, 1.2321, 1.0262, 0.8509,\n",
       "         1.0650],\n",
       "        [0.8831, 1.2434, 1.3151, 1.0562, 1.2561, 0.9758, 1.3206, 1.1561, 0.8557,\n",
       "         1.1075],\n",
       "        [1.0059, 1.0992, 1.3652, 1.1577, 1.1605, 0.9583, 1.1985, 0.9750, 0.7385,\n",
       "         0.9757],\n",
       "        [0.9213, 1.1206, 1.0960, 1.1903, 1.1658, 1.0233, 1.1586, 0.9871, 0.8371,\n",
       "         1.0055],\n",
       "        [0.8577, 1.0987, 1.2007, 0.9761, 1.0529, 0.9475, 1.1742, 1.0453, 0.8103,\n",
       "         0.9086],\n",
       "        [0.8588, 1.1504, 1.2123, 1.0129, 1.1460, 1.1141, 1.1998, 1.0862, 0.8527,\n",
       "         1.0166],\n",
       "        [0.8917, 1.0780, 1.0019, 1.0975, 1.1696, 1.1516, 1.2515, 1.1004, 0.9380,\n",
       "         1.0320],\n",
       "        [0.9703, 1.0679, 1.1340, 1.0999, 1.2333, 1.0714, 1.1567, 1.0132, 0.8900,\n",
       "         1.0104],\n",
       "        [0.8536, 1.1584, 1.3556, 1.1202, 1.1947, 1.0189, 1.2946, 1.0583, 0.7600,\n",
       "         0.9104],\n",
       "        [0.9086, 1.1345, 1.2463, 1.1083, 0.9869, 1.0022, 1.1097, 0.9853, 0.7453,\n",
       "         0.9983],\n",
       "        [0.8628, 1.2025, 1.2059, 1.0916, 1.0393, 0.9609, 1.1858, 1.0272, 0.8357,\n",
       "         1.0099],\n",
       "        [0.9543, 0.9675, 1.0764, 1.1440, 1.2433, 1.0492, 1.2552, 1.0748, 0.8815,\n",
       "         1.0373],\n",
       "        [1.0155, 1.1967, 1.1656, 1.0156, 1.2328, 0.9631, 1.2437, 0.9868, 0.8698,\n",
       "         1.0360],\n",
       "        [0.9493, 1.1155, 0.9633, 1.1234, 1.2196, 1.1001, 1.2049, 1.0191, 0.8645,\n",
       "         1.1359],\n",
       "        [0.9220, 1.2465, 1.1162, 1.0368, 1.1190, 1.0104, 1.3162, 1.1231, 0.8568,\n",
       "         0.9677],\n",
       "        [1.0250, 1.0901, 1.1013, 1.0936, 1.2238, 0.9997, 1.1833, 1.0016, 0.9131,\n",
       "         1.0366],\n",
       "        [0.9363, 1.1789, 1.0925, 1.0083, 1.2294, 1.0081, 1.2181, 1.0658, 0.8964,\n",
       "         0.9745],\n",
       "        [1.0141, 1.0438, 1.0455, 1.0414, 1.2076, 1.0716, 1.3024, 0.9779, 0.8912,\n",
       "         0.9778],\n",
       "        [1.0085, 1.1104, 1.0395, 1.0301, 1.2981, 1.0885, 1.1705, 1.0008, 0.9093,\n",
       "         1.0761],\n",
       "        [0.9013, 1.2145, 1.2231, 1.1097, 1.1604, 1.0085, 1.1938, 1.0818, 0.8948,\n",
       "         1.0335],\n",
       "        [0.9323, 1.1701, 1.1657, 1.0970, 1.0191, 0.9213, 1.2568, 1.0136, 0.7560,\n",
       "         0.9946],\n",
       "        [0.8983, 1.2472, 1.1835, 1.1454, 1.1674, 1.0205, 1.1968, 1.0138, 0.8331,\n",
       "         1.0729],\n",
       "        [0.8882, 1.1368, 1.1668, 1.1215, 1.0959, 0.9835, 1.1425, 0.9349, 0.8294,\n",
       "         0.9444],\n",
       "        [0.9143, 1.1884, 1.3138, 1.0894, 1.0824, 1.0442, 1.1635, 1.0193, 0.8744,\n",
       "         1.0228],\n",
       "        [0.8938, 1.0626, 1.1665, 1.0825, 1.1872, 1.0144, 1.2152, 1.0357, 0.7964,\n",
       "         1.0626],\n",
       "        [0.9673, 1.0719, 1.0922, 1.1162, 1.2169, 1.0737, 1.1691, 1.0359, 0.8154,\n",
       "         1.0865],\n",
       "        [1.0126, 1.1279, 1.0662, 1.1385, 1.1527, 0.9565, 1.1807, 0.9844, 0.8726,\n",
       "         1.0687],\n",
       "        [0.8606, 1.3220, 1.3119, 1.0161, 1.1903, 1.0115, 1.3251, 1.0797, 0.8202,\n",
       "         1.0710],\n",
       "        [0.9840, 0.9762, 1.0701, 1.1391, 1.2122, 1.0382, 1.2193, 1.0269, 0.8379,\n",
       "         1.0814],\n",
       "        [0.9338, 1.0935, 1.1353, 1.0371, 1.2109, 0.9884, 1.2294, 1.0667, 0.8905,\n",
       "         1.0334],\n",
       "        [0.8726, 1.1473, 1.2880, 1.0738, 1.1279, 1.0319, 1.1268, 1.0423, 0.8279,\n",
       "         0.9739]], grad_fn=<ExpBackward0>)"
      ]
     },
     "execution_count": 63,
     "metadata": {},
     "output_type": "execute_result"
    }
   ],
   "source": [
    "torch.exp(logits)  # 모든 원소들에게 exp를 씌운 것"
   ]
  },
  {
   "cell_type": "code",
   "execution_count": 64,
   "metadata": {
    "scrolled": true
   },
   "outputs": [
    {
     "data": {
      "text/plain": [
       "tensor([[10.4561],\n",
       "        [10.5815],\n",
       "        [10.8601],\n",
       "        [10.5987],\n",
       "        [10.6319],\n",
       "        [10.5311],\n",
       "        [10.6993],\n",
       "        [10.3779],\n",
       "        [10.5675],\n",
       "        [10.4078],\n",
       "        [10.3748],\n",
       "        [10.5051],\n",
       "        [10.5290],\n",
       "        [11.0259],\n",
       "        [10.6988],\n",
       "        [10.4007],\n",
       "        [10.8085],\n",
       "        [10.7255],\n",
       "        [10.6476],\n",
       "        [10.4457],\n",
       "        [10.6671],\n",
       "        [10.6958],\n",
       "        [10.4988],\n",
       "        [11.1070],\n",
       "        [10.4852],\n",
       "        [10.4524],\n",
       "        [10.7999],\n",
       "        [10.4495],\n",
       "        [10.8184],\n",
       "        [10.6214],\n",
       "        [10.6691],\n",
       "        [10.6976],\n",
       "        [10.8856],\n",
       "        [10.6961],\n",
       "        [11.1695],\n",
       "        [10.6344],\n",
       "        [10.5057],\n",
       "        [10.0719],\n",
       "        [10.6498],\n",
       "        [10.7123],\n",
       "        [10.6470],\n",
       "        [10.7248],\n",
       "        [10.2254],\n",
       "        [10.4216],\n",
       "        [10.6835],\n",
       "        [10.7256],\n",
       "        [10.6957],\n",
       "        [10.7148],\n",
       "        [10.6682],\n",
       "        [10.6082],\n",
       "        [10.5734],\n",
       "        [10.7317],\n",
       "        [10.8213],\n",
       "        [10.3264],\n",
       "        [10.7789],\n",
       "        [10.2440],\n",
       "        [10.7126],\n",
       "        [10.5167],\n",
       "        [10.6451],\n",
       "        [10.5606],\n",
       "        [11.0084],\n",
       "        [10.5853],\n",
       "        [10.6192],\n",
       "        [10.5125]], grad_fn=<ReshapeAliasBackward0>)"
      ]
     },
     "execution_count": 64,
     "metadata": {},
     "output_type": "execute_result"
    }
   ],
   "source": [
    "# 각 row별로 exp취한 것들의 합\n",
    "torch.sum(torch.exp(logits), axis = 1).reshape(-1,1)  # axis = 1 : 좌에서 우로(행으로) 더한다."
   ]
  },
  {
   "cell_type": "code",
   "execution_count": 67,
   "metadata": {},
   "outputs": [
    {
     "data": {
      "text/plain": [
       "tensor([[0.0879, 0.1015, 0.1053, 0.0999, 0.1098, 0.0980, 0.1151, 0.0969, 0.0876,\n",
       "         0.0980],\n",
       "        [0.0845, 0.1107, 0.1193, 0.0997, 0.1000, 0.0946, 0.1207, 0.0999, 0.0714,\n",
       "         0.0992],\n",
       "        [0.0861, 0.1117, 0.1177, 0.1031, 0.1053, 0.0886, 0.1202, 0.0903, 0.0838,\n",
       "         0.0932],\n",
       "        [0.0951, 0.1044, 0.1068, 0.0939, 0.1100, 0.0971, 0.1110, 0.0974, 0.0875,\n",
       "         0.0969],\n",
       "        [0.0984, 0.1003, 0.1005, 0.0958, 0.1103, 0.1026, 0.1153, 0.0920, 0.0867,\n",
       "         0.0981],\n",
       "        [0.0807, 0.1116, 0.1175, 0.1052, 0.1012, 0.0955, 0.1099, 0.1019, 0.0802,\n",
       "         0.0962],\n",
       "        [0.0811, 0.1137, 0.1145, 0.0988, 0.1076, 0.0890, 0.1258, 0.0996, 0.0756,\n",
       "         0.0944],\n",
       "        [0.0928, 0.1071, 0.1020, 0.1017, 0.1127, 0.0972, 0.1132, 0.0918, 0.0858,\n",
       "         0.0958],\n",
       "        [0.0787, 0.1093, 0.1103, 0.0929, 0.0965, 0.1073, 0.1118, 0.1171, 0.0839,\n",
       "         0.0923],\n",
       "        [0.0912, 0.1007, 0.1093, 0.1051, 0.1147, 0.0938, 0.1094, 0.0993, 0.0780,\n",
       "         0.0986],\n",
       "        [0.0901, 0.1045, 0.1140, 0.0993, 0.1036, 0.0926, 0.1200, 0.0983, 0.0826,\n",
       "         0.0948],\n",
       "        [0.0917, 0.1037, 0.1104, 0.0992, 0.1047, 0.1013, 0.1142, 0.0937, 0.0822,\n",
       "         0.0990],\n",
       "        [0.0882, 0.0994, 0.1099, 0.1047, 0.1043, 0.0928, 0.1200, 0.1024, 0.0804,\n",
       "         0.0979],\n",
       "        [0.0814, 0.1058, 0.1139, 0.0875, 0.1197, 0.0944, 0.1141, 0.1067, 0.0747,\n",
       "         0.1018],\n",
       "        [0.0831, 0.1095, 0.1107, 0.0965, 0.1046, 0.0974, 0.1156, 0.1055, 0.0804,\n",
       "         0.0967],\n",
       "        [0.0818, 0.1083, 0.1141, 0.1117, 0.0976, 0.0998, 0.1219, 0.1003, 0.0694,\n",
       "         0.0951],\n",
       "        [0.0934, 0.1008, 0.1047, 0.0994, 0.1164, 0.0911, 0.1150, 0.0971, 0.0871,\n",
       "         0.0950],\n",
       "        [0.0813, 0.1130, 0.0977, 0.0966, 0.1047, 0.1002, 0.1124, 0.1061, 0.0799,\n",
       "         0.1080],\n",
       "        [0.0845, 0.1099, 0.1109, 0.0956, 0.1004, 0.1002, 0.1179, 0.1040, 0.0823,\n",
       "         0.0942],\n",
       "        [0.0961, 0.1027, 0.1032, 0.1067, 0.1091, 0.0956, 0.1136, 0.0917, 0.0822,\n",
       "         0.0991],\n",
       "        [0.0852, 0.0978, 0.1168, 0.0952, 0.1102, 0.1022, 0.1083, 0.1065, 0.0826,\n",
       "         0.0952],\n",
       "        [0.0880, 0.1036, 0.1117, 0.1071, 0.1115, 0.0918, 0.1152, 0.0939, 0.0841,\n",
       "         0.0930],\n",
       "        [0.0885, 0.1042, 0.1117, 0.0995, 0.1102, 0.1013, 0.1065, 0.1010, 0.0822,\n",
       "         0.0948],\n",
       "        [0.0806, 0.1011, 0.1146, 0.1028, 0.1162, 0.0974, 0.1227, 0.1015, 0.0715,\n",
       "         0.0918],\n",
       "        [0.0874, 0.1152, 0.1034, 0.1083, 0.1031, 0.0980, 0.1186, 0.0898, 0.0798,\n",
       "         0.0963],\n",
       "        [0.0928, 0.1030, 0.0992, 0.1054, 0.1152, 0.0990, 0.1137, 0.0920, 0.0838,\n",
       "         0.0958],\n",
       "        [0.0887, 0.0954, 0.1036, 0.1130, 0.1206, 0.0935, 0.1219, 0.0967, 0.0743,\n",
       "         0.0923],\n",
       "        [0.0831, 0.1050, 0.1207, 0.1019, 0.1068, 0.0930, 0.1190, 0.0986, 0.0803,\n",
       "         0.0916],\n",
       "        [0.0923, 0.0892, 0.0937, 0.1075, 0.1206, 0.1010, 0.1114, 0.0975, 0.0851,\n",
       "         0.1017],\n",
       "        [0.0942, 0.1001, 0.1027, 0.0984, 0.1122, 0.0971, 0.1130, 0.0961, 0.0868,\n",
       "         0.0993],\n",
       "        [0.0956, 0.0984, 0.1156, 0.0986, 0.1100, 0.0916, 0.1173, 0.0950, 0.0819,\n",
       "         0.0960],\n",
       "        [0.0847, 0.1058, 0.1059, 0.0979, 0.1127, 0.1026, 0.1191, 0.0987, 0.0809,\n",
       "         0.0919],\n",
       "        [0.0848, 0.1109, 0.1194, 0.0967, 0.1097, 0.0967, 0.1162, 0.0940, 0.0748,\n",
       "         0.0968],\n",
       "        [0.0912, 0.1123, 0.1128, 0.0895, 0.1078, 0.0962, 0.1152, 0.0959, 0.0796,\n",
       "         0.0996],\n",
       "        [0.0791, 0.1113, 0.1177, 0.0946, 0.1125, 0.0874, 0.1182, 0.1035, 0.0766,\n",
       "         0.0992],\n",
       "        [0.0946, 0.1034, 0.1284, 0.1089, 0.1091, 0.0901, 0.1127, 0.0917, 0.0694,\n",
       "         0.0917],\n",
       "        [0.0877, 0.1067, 0.1043, 0.1133, 0.1110, 0.0974, 0.1103, 0.0940, 0.0797,\n",
       "         0.0957],\n",
       "        [0.0852, 0.1091, 0.1192, 0.0969, 0.1045, 0.0941, 0.1166, 0.1038, 0.0804,\n",
       "         0.0902],\n",
       "        [0.0806, 0.1080, 0.1138, 0.0951, 0.1076, 0.1046, 0.1127, 0.1020, 0.0801,\n",
       "         0.0955],\n",
       "        [0.0832, 0.1006, 0.0935, 0.1025, 0.1092, 0.1075, 0.1168, 0.1027, 0.0876,\n",
       "         0.0963],\n",
       "        [0.0911, 0.1003, 0.1065, 0.1033, 0.1158, 0.1006, 0.1086, 0.0952, 0.0836,\n",
       "         0.0949],\n",
       "        [0.0796, 0.1080, 0.1264, 0.1045, 0.1114, 0.0950, 0.1207, 0.0987, 0.0709,\n",
       "         0.0849],\n",
       "        [0.0889, 0.1109, 0.1219, 0.1084, 0.0965, 0.0980, 0.1085, 0.0964, 0.0729,\n",
       "         0.0976],\n",
       "        [0.0828, 0.1154, 0.1157, 0.1047, 0.0997, 0.0922, 0.1138, 0.0986, 0.0802,\n",
       "         0.0969],\n",
       "        [0.0893, 0.0906, 0.1008, 0.1071, 0.1164, 0.0982, 0.1175, 0.1006, 0.0825,\n",
       "         0.0971],\n",
       "        [0.0947, 0.1116, 0.1087, 0.0947, 0.1149, 0.0898, 0.1160, 0.0920, 0.0811,\n",
       "         0.0966],\n",
       "        [0.0888, 0.1043, 0.0901, 0.1050, 0.1140, 0.1029, 0.1127, 0.0953, 0.0808,\n",
       "         0.1062],\n",
       "        [0.0861, 0.1163, 0.1042, 0.0968, 0.1044, 0.0943, 0.1228, 0.1048, 0.0800,\n",
       "         0.0903],\n",
       "        [0.0961, 0.1022, 0.1032, 0.1025, 0.1147, 0.0937, 0.1109, 0.0939, 0.0856,\n",
       "         0.0972],\n",
       "        [0.0883, 0.1111, 0.1030, 0.0950, 0.1159, 0.0950, 0.1148, 0.1005, 0.0845,\n",
       "         0.0919],\n",
       "        [0.0959, 0.0987, 0.0989, 0.0985, 0.1142, 0.1014, 0.1232, 0.0925, 0.0843,\n",
       "         0.0925],\n",
       "        [0.0940, 0.1035, 0.0969, 0.0960, 0.1210, 0.1014, 0.1091, 0.0933, 0.0847,\n",
       "         0.1003],\n",
       "        [0.0833, 0.1122, 0.1130, 0.1026, 0.1072, 0.0932, 0.1103, 0.1000, 0.0827,\n",
       "         0.0955],\n",
       "        [0.0903, 0.1133, 0.1129, 0.1062, 0.0987, 0.0892, 0.1217, 0.0982, 0.0732,\n",
       "         0.0963],\n",
       "        [0.0833, 0.1157, 0.1098, 0.1063, 0.1083, 0.0947, 0.1110, 0.0941, 0.0773,\n",
       "         0.0995],\n",
       "        [0.0867, 0.1110, 0.1139, 0.1095, 0.1070, 0.0960, 0.1115, 0.0913, 0.0810,\n",
       "         0.0922],\n",
       "        [0.0853, 0.1109, 0.1226, 0.1017, 0.1010, 0.0975, 0.1086, 0.0951, 0.0816,\n",
       "         0.0955],\n",
       "        [0.0850, 0.1010, 0.1109, 0.1029, 0.1129, 0.0965, 0.1155, 0.0985, 0.0757,\n",
       "         0.1010],\n",
       "        [0.0909, 0.1007, 0.1026, 0.1049, 0.1143, 0.1009, 0.1098, 0.0973, 0.0766,\n",
       "         0.1021],\n",
       "        [0.0959, 0.1068, 0.1010, 0.1078, 0.1091, 0.0906, 0.1118, 0.0932, 0.0826,\n",
       "         0.1012],\n",
       "        [0.0782, 0.1201, 0.1192, 0.0923, 0.1081, 0.0919, 0.1204, 0.0981, 0.0745,\n",
       "         0.0973],\n",
       "        [0.0930, 0.0922, 0.1011, 0.1076, 0.1145, 0.0981, 0.1152, 0.0970, 0.0792,\n",
       "         0.1022],\n",
       "        [0.0879, 0.1030, 0.1069, 0.0977, 0.1140, 0.0931, 0.1158, 0.1005, 0.0839,\n",
       "         0.0973],\n",
       "        [0.0830, 0.1091, 0.1225, 0.1021, 0.1073, 0.0982, 0.1072, 0.0992, 0.0788,\n",
       "         0.0926]], grad_fn=<DivBackward0>)"
      ]
     },
     "execution_count": 67,
     "metadata": {},
     "output_type": "execute_result"
    }
   ],
   "source": [
    "torch.exp(logits) / torch.sum(torch.exp(logits), axis = 1).reshape(-1,1)"
   ]
  },
  {
   "cell_type": "code",
   "execution_count": 78,
   "metadata": {},
   "outputs": [],
   "source": [
    "# 답작성\n",
    "# 각 row별로 softmax를 취해라.\n",
    "\n",
    "def softmax(x):\n",
    "    return torch.exp(x) / torch.sum(torch.exp(x), axis = 1).reshape(-1,1)  # 브로드캐스팅 되어서 나눠진다."
   ]
  },
  {
   "cell_type": "code",
   "execution_count": 79,
   "metadata": {
    "scrolled": true
   },
   "outputs": [
    {
     "data": {
      "text/plain": [
       "tensor([[0.0879, 0.1015, 0.1053, 0.0999, 0.1098, 0.0980, 0.1151, 0.0969, 0.0876,\n",
       "         0.0980],\n",
       "        [0.0845, 0.1107, 0.1193, 0.0997, 0.1000, 0.0946, 0.1207, 0.0999, 0.0714,\n",
       "         0.0992],\n",
       "        [0.0861, 0.1117, 0.1177, 0.1031, 0.1053, 0.0886, 0.1202, 0.0903, 0.0838,\n",
       "         0.0932],\n",
       "        [0.0951, 0.1044, 0.1068, 0.0939, 0.1100, 0.0971, 0.1110, 0.0974, 0.0875,\n",
       "         0.0969],\n",
       "        [0.0984, 0.1003, 0.1005, 0.0958, 0.1103, 0.1026, 0.1153, 0.0920, 0.0867,\n",
       "         0.0981],\n",
       "        [0.0807, 0.1116, 0.1175, 0.1052, 0.1012, 0.0955, 0.1099, 0.1019, 0.0802,\n",
       "         0.0962],\n",
       "        [0.0811, 0.1137, 0.1145, 0.0988, 0.1076, 0.0890, 0.1258, 0.0996, 0.0756,\n",
       "         0.0944],\n",
       "        [0.0928, 0.1071, 0.1020, 0.1017, 0.1127, 0.0972, 0.1132, 0.0918, 0.0858,\n",
       "         0.0958],\n",
       "        [0.0787, 0.1093, 0.1103, 0.0929, 0.0965, 0.1073, 0.1118, 0.1171, 0.0839,\n",
       "         0.0923],\n",
       "        [0.0912, 0.1007, 0.1093, 0.1051, 0.1147, 0.0938, 0.1094, 0.0993, 0.0780,\n",
       "         0.0986],\n",
       "        [0.0901, 0.1045, 0.1140, 0.0993, 0.1036, 0.0926, 0.1200, 0.0983, 0.0826,\n",
       "         0.0948],\n",
       "        [0.0917, 0.1037, 0.1104, 0.0992, 0.1047, 0.1013, 0.1142, 0.0937, 0.0822,\n",
       "         0.0990],\n",
       "        [0.0882, 0.0994, 0.1099, 0.1047, 0.1043, 0.0928, 0.1200, 0.1024, 0.0804,\n",
       "         0.0979],\n",
       "        [0.0814, 0.1058, 0.1139, 0.0875, 0.1197, 0.0944, 0.1141, 0.1067, 0.0747,\n",
       "         0.1018],\n",
       "        [0.0831, 0.1095, 0.1107, 0.0965, 0.1046, 0.0974, 0.1156, 0.1055, 0.0804,\n",
       "         0.0967],\n",
       "        [0.0818, 0.1083, 0.1141, 0.1117, 0.0976, 0.0998, 0.1219, 0.1003, 0.0694,\n",
       "         0.0951],\n",
       "        [0.0934, 0.1008, 0.1047, 0.0994, 0.1164, 0.0911, 0.1150, 0.0971, 0.0871,\n",
       "         0.0950],\n",
       "        [0.0813, 0.1130, 0.0977, 0.0966, 0.1047, 0.1002, 0.1124, 0.1061, 0.0799,\n",
       "         0.1080],\n",
       "        [0.0845, 0.1099, 0.1109, 0.0956, 0.1004, 0.1002, 0.1179, 0.1040, 0.0823,\n",
       "         0.0942],\n",
       "        [0.0961, 0.1027, 0.1032, 0.1067, 0.1091, 0.0956, 0.1136, 0.0917, 0.0822,\n",
       "         0.0991],\n",
       "        [0.0852, 0.0978, 0.1168, 0.0952, 0.1102, 0.1022, 0.1083, 0.1065, 0.0826,\n",
       "         0.0952],\n",
       "        [0.0880, 0.1036, 0.1117, 0.1071, 0.1115, 0.0918, 0.1152, 0.0939, 0.0841,\n",
       "         0.0930],\n",
       "        [0.0885, 0.1042, 0.1117, 0.0995, 0.1102, 0.1013, 0.1065, 0.1010, 0.0822,\n",
       "         0.0948],\n",
       "        [0.0806, 0.1011, 0.1146, 0.1028, 0.1162, 0.0974, 0.1227, 0.1015, 0.0715,\n",
       "         0.0918],\n",
       "        [0.0874, 0.1152, 0.1034, 0.1083, 0.1031, 0.0980, 0.1186, 0.0898, 0.0798,\n",
       "         0.0963],\n",
       "        [0.0928, 0.1030, 0.0992, 0.1054, 0.1152, 0.0990, 0.1137, 0.0920, 0.0838,\n",
       "         0.0958],\n",
       "        [0.0887, 0.0954, 0.1036, 0.1130, 0.1206, 0.0935, 0.1219, 0.0967, 0.0743,\n",
       "         0.0923],\n",
       "        [0.0831, 0.1050, 0.1207, 0.1019, 0.1068, 0.0930, 0.1190, 0.0986, 0.0803,\n",
       "         0.0916],\n",
       "        [0.0923, 0.0892, 0.0937, 0.1075, 0.1206, 0.1010, 0.1114, 0.0975, 0.0851,\n",
       "         0.1017],\n",
       "        [0.0942, 0.1001, 0.1027, 0.0984, 0.1122, 0.0971, 0.1130, 0.0961, 0.0868,\n",
       "         0.0993],\n",
       "        [0.0956, 0.0984, 0.1156, 0.0986, 0.1100, 0.0916, 0.1173, 0.0950, 0.0819,\n",
       "         0.0960],\n",
       "        [0.0847, 0.1058, 0.1059, 0.0979, 0.1127, 0.1026, 0.1191, 0.0987, 0.0809,\n",
       "         0.0919],\n",
       "        [0.0848, 0.1109, 0.1194, 0.0967, 0.1097, 0.0967, 0.1162, 0.0940, 0.0748,\n",
       "         0.0968],\n",
       "        [0.0912, 0.1123, 0.1128, 0.0895, 0.1078, 0.0962, 0.1152, 0.0959, 0.0796,\n",
       "         0.0996],\n",
       "        [0.0791, 0.1113, 0.1177, 0.0946, 0.1125, 0.0874, 0.1182, 0.1035, 0.0766,\n",
       "         0.0992],\n",
       "        [0.0946, 0.1034, 0.1284, 0.1089, 0.1091, 0.0901, 0.1127, 0.0917, 0.0694,\n",
       "         0.0917],\n",
       "        [0.0877, 0.1067, 0.1043, 0.1133, 0.1110, 0.0974, 0.1103, 0.0940, 0.0797,\n",
       "         0.0957],\n",
       "        [0.0852, 0.1091, 0.1192, 0.0969, 0.1045, 0.0941, 0.1166, 0.1038, 0.0804,\n",
       "         0.0902],\n",
       "        [0.0806, 0.1080, 0.1138, 0.0951, 0.1076, 0.1046, 0.1127, 0.1020, 0.0801,\n",
       "         0.0955],\n",
       "        [0.0832, 0.1006, 0.0935, 0.1025, 0.1092, 0.1075, 0.1168, 0.1027, 0.0876,\n",
       "         0.0963],\n",
       "        [0.0911, 0.1003, 0.1065, 0.1033, 0.1158, 0.1006, 0.1086, 0.0952, 0.0836,\n",
       "         0.0949],\n",
       "        [0.0796, 0.1080, 0.1264, 0.1045, 0.1114, 0.0950, 0.1207, 0.0987, 0.0709,\n",
       "         0.0849],\n",
       "        [0.0889, 0.1109, 0.1219, 0.1084, 0.0965, 0.0980, 0.1085, 0.0964, 0.0729,\n",
       "         0.0976],\n",
       "        [0.0828, 0.1154, 0.1157, 0.1047, 0.0997, 0.0922, 0.1138, 0.0986, 0.0802,\n",
       "         0.0969],\n",
       "        [0.0893, 0.0906, 0.1008, 0.1071, 0.1164, 0.0982, 0.1175, 0.1006, 0.0825,\n",
       "         0.0971],\n",
       "        [0.0947, 0.1116, 0.1087, 0.0947, 0.1149, 0.0898, 0.1160, 0.0920, 0.0811,\n",
       "         0.0966],\n",
       "        [0.0888, 0.1043, 0.0901, 0.1050, 0.1140, 0.1029, 0.1127, 0.0953, 0.0808,\n",
       "         0.1062],\n",
       "        [0.0861, 0.1163, 0.1042, 0.0968, 0.1044, 0.0943, 0.1228, 0.1048, 0.0800,\n",
       "         0.0903],\n",
       "        [0.0961, 0.1022, 0.1032, 0.1025, 0.1147, 0.0937, 0.1109, 0.0939, 0.0856,\n",
       "         0.0972],\n",
       "        [0.0883, 0.1111, 0.1030, 0.0950, 0.1159, 0.0950, 0.1148, 0.1005, 0.0845,\n",
       "         0.0919],\n",
       "        [0.0959, 0.0987, 0.0989, 0.0985, 0.1142, 0.1014, 0.1232, 0.0925, 0.0843,\n",
       "         0.0925],\n",
       "        [0.0940, 0.1035, 0.0969, 0.0960, 0.1210, 0.1014, 0.1091, 0.0933, 0.0847,\n",
       "         0.1003],\n",
       "        [0.0833, 0.1122, 0.1130, 0.1026, 0.1072, 0.0932, 0.1103, 0.1000, 0.0827,\n",
       "         0.0955],\n",
       "        [0.0903, 0.1133, 0.1129, 0.1062, 0.0987, 0.0892, 0.1217, 0.0982, 0.0732,\n",
       "         0.0963],\n",
       "        [0.0833, 0.1157, 0.1098, 0.1063, 0.1083, 0.0947, 0.1110, 0.0941, 0.0773,\n",
       "         0.0995],\n",
       "        [0.0867, 0.1110, 0.1139, 0.1095, 0.1070, 0.0960, 0.1115, 0.0913, 0.0810,\n",
       "         0.0922],\n",
       "        [0.0853, 0.1109, 0.1226, 0.1017, 0.1010, 0.0975, 0.1086, 0.0951, 0.0816,\n",
       "         0.0955],\n",
       "        [0.0850, 0.1010, 0.1109, 0.1029, 0.1129, 0.0965, 0.1155, 0.0985, 0.0757,\n",
       "         0.1010],\n",
       "        [0.0909, 0.1007, 0.1026, 0.1049, 0.1143, 0.1009, 0.1098, 0.0973, 0.0766,\n",
       "         0.1021],\n",
       "        [0.0959, 0.1068, 0.1010, 0.1078, 0.1091, 0.0906, 0.1118, 0.0932, 0.0826,\n",
       "         0.1012],\n",
       "        [0.0782, 0.1201, 0.1192, 0.0923, 0.1081, 0.0919, 0.1204, 0.0981, 0.0745,\n",
       "         0.0973],\n",
       "        [0.0930, 0.0922, 0.1011, 0.1076, 0.1145, 0.0981, 0.1152, 0.0970, 0.0792,\n",
       "         0.1022],\n",
       "        [0.0879, 0.1030, 0.1069, 0.0977, 0.1140, 0.0931, 0.1158, 0.1005, 0.0839,\n",
       "         0.0973],\n",
       "        [0.0830, 0.1091, 0.1225, 0.1021, 0.1073, 0.0982, 0.1072, 0.0992, 0.0788,\n",
       "         0.0926]], grad_fn=<DivBackward0>)"
